1.848306893780241877e-01
1.192450720634081890e-01
1.189712929491869436e-01
1.211500653827105450e-01
9.467679615567088369e-01
9.174531328984787404e-01
3.078596142630969923e-01
9.128486165392971780e-03
2.257177104594696448e-01
1.869369193967629628e-01
1.696035565707871007e-01
1.180880901474081618e-01
8.282027591121142729e-01
9.060882433036181183e-02
8.550646715511770468e-01
3.836658433300590976e-02
2.879826077937054363e-01
1.517927009833682506e-01
2.689205888778688491e-01
6.145884920302772253e-02
1.429994316902479246e-01
2.214818521096807713e-01
1.207313504432913909e-01
4.368658930077157915e-02
2.179432525311120750e-01
2.188780971228497241e-01
3.747429602706339735e-01
9.524493890575798372e-02
9.641411146109168939e-02
1.135007819455975259e-01
4.103868992253471570e-01
5.778125545351324721e-01
6.733223636827458114e-02
1.820762115212608834e-01
7.256597699452756178e-02
2.904645814219324884e-01
3.636137762747834179e-01
2.802502511413159092e-01
1.026729874708121604e-01
1.749777607179148209e-02
2.265624627102295063e-01
6.747018088376013911e-02
2.002202322923616884e-01
3.132809662606835244e-01
8.817433075682973298e-02
2.200508297993057361e-01
2.528357819551936281e-01
3.614023538979872774e-02
1.414444893343290988e-01
1.551589317912079602e-01
9.328551289882009989e-01
7.366555390631303046e-01
7.835301566609521595e-01
8.623647513262207021e-01
5.896458689607452230e-01
8.485572502130920292e-01
9.129889411090914564e-01
6.715611693869892873e-01
6.505000945937835510e-01
9.569874909625067927e-01
8.985210274633921301e-01
4.193474059242895957e-01
9.779993334920199510e-01
6.778968996109348000e-01
5.147011927578279966e-01
9.799013148168054244e-01
9.536337851019002221e-01
8.127704321897627482e-01
9.030667569405493866e-01
4.248884043880194472e-01
6.252247593330085840e-01
4.761907478278690764e-01
3.454961967297792702e-01
9.851965884042054311e-01
2.578541695526706534e-01
8.494738723163917093e-01
8.250470913467062850e-01
7.255325389972319128e-01
8.268815094811060584e-02
7.655216678135736696e-01
7.584590954516278183e-01
8.919152259858218468e-01
8.956204013609360137e-01
9.635357530538806170e-01
7.657068368156243476e-01
9.554915251733808734e-01
9.957761445775151765e-01
4.074284287812935390e-01
9.813931154087276454e-01
8.999501103416945869e-01
7.374370200581815693e-01
4.914270057263269709e-01
5.685515870484442180e-01
8.607610299618263516e-01
2.179965721502825082e-01
9.490646173230828930e-01
8.922801692024198150e-01
6.728473112913669896e-01
8.266722101639309983e-01
9.794470916086714940e-01
