6.883937272190075729e-02
5.602416239985197333e-01
3.243537450218447749e-01
5.848447829111183549e-02
4.175517631427106968e-01
1.239023807567078556e-01
9.872933054100159200e-01
2.519612509135563672e-01
4.193340659262352610e-02
2.304127210724679076e-01
8.128857749990611170e-01
6.210078789622209411e-02
1.540195478206457524e-01
2.117166513048777399e-01
8.635066076855519857e-01
5.148282265251154927e-02
2.490627124570496953e-01
4.584875785217669142e-01
8.721957239096184145e-01
1.621044780415444864e-01
2.106486045220894165e-01
3.454002193711529223e-02
2.882705238518091240e-01
5.169235313706292967e-01
1.162629711705088914e-01
3.715151804920883150e-01
2.952958704905689347e-01
2.485324575056256299e-02
2.175873285120865849e-02
1.384153359172601017e-01
3.369385957066953208e-02
8.888053277546556497e-02
3.196613427152858455e-02
2.665703443298295117e-01
8.088768495802262093e-01
4.777425571715205876e-01
6.244027967651531730e-02
7.427454205485541916e-01
1.283801225900418341e-01
4.311938944833194204e-02
2.877462502924830745e-01
6.862624637447336529e-01
8.814429929952087572e-02
9.594477591390293547e-02
7.572640015444284112e-01
3.472130695899870723e-02
2.258390393794532935e-01
7.910966305587800729e-02
6.193535640963257483e-02
3.649412180473802780e-01
9.452745880556393532e-01
2.546063673622523393e-01
8.967044614478919540e-01
5.992444832232901586e-01
6.328756586138576390e-01
9.332731042839004232e-01
4.622048027975221851e-01
4.023340062650376248e-01
6.403028259088131557e-01
8.162532757289405749e-01
8.167173501458344642e-01
7.061522998874836254e-01
1.867620570345351061e-01
9.125370429465667899e-01
8.545579620364824880e-01
7.976761831496921307e-01
7.882652657760818027e-01
8.869606653396259199e-01
4.725732048558301535e-01
8.451869202898147915e-01
9.642785741984865044e-01
3.772555961944620839e-01
6.645312261205991167e-01
5.553966726827976874e-01
7.811332493201128546e-01
9.052159131313420870e-01
8.830093959024402084e-01
6.446565862441953065e-01
9.507066988048296086e-01
3.103460926138635889e-01
1.659922431925724418e-01
9.924846098399421335e-01
8.283642094570995429e-01
9.169060653881597744e-01
6.180552885921333228e-01
8.433156151845172532e-01
8.267252943901908235e-01
6.781729877784861138e-01
7.441550823592968378e-01
9.697712341815528658e-01
3.006864592199103847e-01
6.045700836567255987e-01
5.720228145250314533e-01
6.429795392108866858e-01
7.547487765921458980e-01
6.889427896822281072e-01
7.382742697227886453e-01
7.189431605869580633e-01
9.430509415648383742e-01
5.091865690887614759e-01
