3.032851337157955185e-01
7.117681850622669115e-01
1.899564294029781331e-01
3.638215776305338961e-02
1.139209460136448165e-01
3.958954255620425466e-02
4.512961834137828483e-03
2.043933909215832345e-02
9.109985361679543217e-03
3.606734840077175375e-01
6.270882561416130097e-02
1.144112958858440991e-02
1.784171148190182299e-01
9.039291931730570884e-01
2.294011962723415538e-02
5.451547858863788412e-03
2.721124634825984323e-01
1.449932582331777331e-04
2.281713357630175357e-03
4.760271849373672315e-01
2.920832257612837810e-05
1.909071530955240015e-01
7.913175871689605203e-04
9.263054639202319279e-03
4.613833007149787399e-04
1.890935676383631858e-01
1.046550110495109848e-03
4.572969277668961080e-02
2.511667901875753658e-02
5.347322333209544309e-01
2.121432193456928780e-03
6.107910844369642163e-03
3.638817920073959544e-01
1.012813643158863455e-04
7.644914871098541440e-04
5.517873223205037097e-04
3.125233262741494711e-02
2.607276509340458737e-01
2.110119784133629092e-02
1.250900011781692633e-01
2.133626266845452951e-02
3.200740342265898227e-04
6.359564737955710270e-03
5.202988778003538733e-02
3.069348365858288498e-03
3.460717834426953188e-03
5.288877999845222888e-01
9.316673286742221255e-03
1.190047349642726730e-03
3.176872423402142265e-01
9.196701515418522765e-01
4.016681052128713569e-02
3.748872935094801819e-03
7.559056206565575309e-01
4.712165565581372118e-01
2.400253669162318200e-03
2.571747350632500040e-02
1.442613556465082922e-02
6.495842744194763258e-04
1.556885268394983188e-02
1.061209618425667145e-04
3.395835251123729276e-03
1.647690433053016282e-02
2.073785456438881902e-01
2.664602123998033052e-04
7.759686852441780580e-01
5.943217038403326730e-04
1.211123714489250897e-03
3.487945532165134116e-02
5.198629646506380299e-03
4.842399967267149892e-03
5.969903576109353294e-02
1.764905221422198058e-03
2.243823411032301318e-01
4.756381679567670551e-01
3.401535849817834394e-04
1.453851013333308344e-03
5.545569070144820700e-04
6.209355966574286491e-03
1.921944284331214836e-01
9.709924708914509095e-01
1.349873879038747948e-01
3.336552898566628447e-04
1.745724068456693152e-03
1.694430131308334673e-04
9.474350468969024511e-03
7.453898063660270579e-02
4.196934165411206688e-04
4.366394159079793613e-03
2.331473384266607822e-03
3.248021049927790060e-01
3.698299008002870480e-01
1.258355148426156195e-03
2.817410043824736168e-03
9.805044386212838914e-01
7.644882479593266833e-01
2.251126009362506533e-04
1.810376041695307622e-02
1.449671753769817863e-03
1.531406170101115294e-01
3.521440930578188973e-03
9.131209266685780257e-02
3.312313499760898838e-01
1.721928607890946261e-02
1.854624264236716738e-02
2.452810324228372595e-03
3.924447097931634335e-03
7.882579727307056612e-04
3.588485575268889061e-02
9.724007945156012273e-03
1.413863752608729707e-01
1.433814044703832268e-04
1.700774685011134353e-03
7.438650233178689675e-03
3.405362197503494618e-05
3.726434728966819456e-03
2.495272874137683949e-01
6.421087611442432708e-06
1.896292171294212958e-02
6.646430645662170233e-01
9.541521918105307510e-05
2.353848043521323229e-03
3.860955368182646379e-03
1.927014361796972330e-01
1.539001723370338470e-01
1.630268141252294023e-01
6.114304500505760021e-02
3.654270306026471404e-01
2.086420488824672435e-03
2.421083817551309206e-02
2.428708128369853284e-03
8.278197675013046486e-03
6.900020875614523153e-01
1.755652184566406857e-02
1.291102492317724830e-02
7.578373619437232811e-02
5.449627187688554876e-04
4.032219794690048570e-02
5.551766655967625322e-05
6.893417824552654010e-04
6.253776588336927740e-04
7.562180249568258017e-02
4.625054987774635668e-02
4.479093450108889360e-03
3.636104538186911731e-04
1.932394922701130438e-04
4.900673165143895442e-03
3.813428449465851473e-03
8.853073156908590870e-04
2.838057524084465835e-02
7.283644408838932383e-02
4.071215833233592275e-05
3.824728437656241438e-03
8.420153367124693972e-05
8.340292808439785377e-01
1.740325061560102915e-01
5.927720944409690246e-03
1.092470905842464665e-05
5.279961397108326807e-03
1.571458552480470413e-03
5.387313572124428074e-01
1.755175141445778795e-03
7.192034938119262646e-05
3.210289138922386987e-02
2.480027720488021340e-03
9.297319629729168255e-01
4.762717227051705207e-03
5.411941015318552824e-03
1.394431096106585247e-05
7.167615216139246702e-03
9.718189901816757029e-03
2.022007287583214158e-02
5.841663476419416412e-01
4.312233295661185156e-03
5.257343374687983850e-01
3.066317676521428393e-01
6.374306167346680541e-01
5.948358525038254657e-02
1.227558632685789852e-01
8.595598528879172529e-03
1.510242962820279936e-02
8.088233021043186866e-02
6.423292563080701401e-02
6.290558661549407182e-03
7.754426615666016875e-01
2.038898530044434051e-03
5.192485158361629955e-04
1.438294670015163590e-01
3.718809033644770567e-03
3.751378513290015617e-03
1.411603288068338758e-04
2.396762113860896257e-02
5.554354703060567292e-03
5.973441129689133905e-04
1.610630867065456773e-01
2.380897791547878658e-04
1.022044511042417315e-03
3.185061885153567807e-01
6.795246488749402403e-01
1.735152681991956325e-01
7.037281306988314722e-02
3.489570494189924571e-02
1.376059489634797080e-02
3.961289812656420412e-02
1.628274247380692014e-02
4.719473112989450714e-01
2.650764527461613174e-01
1.407425615006335784e-01
2.667314548201431268e-02
2.235771488998201592e-02
2.782310797731592667e-03
2.835432115436336021e-05
4.431773469407421229e-02
1.122239521234953963e-01
1.550364620990712095e-01
2.379051456147481328e-02
7.379308608383272627e-02
4.130597313063909606e-03
3.966922541715975359e-03
5.794723341751321088e-01
1.062641251841769247e-02
6.123135453539145512e-03
3.055629742328604126e-02
7.089134552575063154e-04
3.710855704686210066e-01
4.322677915312685415e-01
3.508781362228767242e-01
1.555254386940737796e-02
3.640342894736825832e-03
6.707584558909511496e-03
2.294530385459109811e-01
8.035054070810164484e-02
6.636864450395092881e-03
5.290279864874267157e-02
1.880597337414386117e-01
1.487945703679422436e-02
2.001552049263826891e-02
1.878959547657673701e-01
4.256087530064232155e-02
1.960217765141720537e-04
3.834188642931753849e-02
3.954013245791611342e-02
9.223413980056795886e-03
1.648871319871880736e-02
9.018841650676193145e-02
9.899806117451174226e-01
3.153208970110599196e-01
2.604373946127154227e-01
5.087274953279510153e-02
8.692798080046458542e-02
6.726779992257252150e-02
6.593164164548017681e-01
6.416274954139484458e-04
4.460264408605166329e-04
8.149195868256010195e-03
7.644525627933576595e-02
1.245127987948448228e-01
1.362003776207692043e-02
1.869357987146420905e-03
9.128980384004555516e-06
1.184151085875523660e-02
1.429334529755175442e-01
1.673052457820522608e-04
2.760393103269735970e-01
8.738621581570656105e-02
1.083522426731573125e-02
3.766389249963340261e-04
6.387022442653997878e-01
8.000915432883655420e-02
1.440296961882140542e-02
5.585475215424959977e-02
9.488077814220398712e-03
2.855344473401610992e-03
5.779517350376497248e-02
8.475186012591394077e-03
2.443748627071170090e-02
7.063004150078122656e-02
6.810618046004183190e-01
3.333500958632644481e-06
9.918117891255974483e-02
6.797783021995977837e-01
1.441374982850429087e-01
1.100383685162042852e-01
7.759852122547757081e-02
7.080157919226544305e-02
3.035337205166571597e-03
7.562142343119711008e-01
1.939212752077832946e-01
1.856936348606497422e-01
9.147389973553979314e-03
2.753177526871195208e-04
6.643562289723776862e-04
1.300639931577186326e-01
3.042221646309202152e-02
1.611634761638774394e-01
1.079328316987570745e-04
3.612949115541973510e-01
1.215712110400155466e-04
9.751948913968794611e-03
9.087725310618155819e-03
1.120929695424375538e-01
4.742078809335042444e-01
3.097861952891320034e-03
2.514869133833552012e-02
3.559909090532935305e-03
9.896291959384912699e-05
5.934568915662016830e-02
9.361041385740875506e-03
1.392679440382551918e-02
1.011194280382438603e-03
1.958559109510209506e-01
4.223869840071980074e-04
4.663974941873465924e-02
1.795153226410909353e-01
4.093525021968021489e-05
4.007962236526308418e-03
2.170660216885465787e-01
4.853772690181458981e-03
2.378580487727743038e-05
2.022334992175296112e-03
5.115754641743838760e-02
1.955423657952085146e-03
6.412783622152475882e-01
2.331572057907933294e-03
2.417591760833516165e-02
1.284868888177082002e-02
2.023655091395575381e-02
1.280966401806073521e-04
1.668040129262286786e-02
1.709864465814512902e-01
1.001641383477021134e-02
1.419548501334859988e-03
1.275543019821563651e-01
2.008265434025543225e-04
2.025095501496204375e-01
5.262378369651061760e-01
5.778540571001133073e-04
2.851767296774134570e-05
6.491886794211330081e-01
6.937466090094726034e-01
3.176920292954094890e-05
4.527836878406633924e-04
9.975580462554919925e-02
3.303586011045946558e-03
5.174184619048046718e-01
1.777262019701124907e-01
3.565287533221843108e-01
4.839420730758672295e-01
7.046638552678243794e-01
8.810002635807200055e-02
4.549662933181160057e-04
5.469038928516525289e-01
7.007786319833827452e-05
1.842911532221385915e-02
9.507208972769547461e-01
3.247524858724193386e-02
9.495113569904651829e-01
1.068113517215954489e-01
1.125242600095904544e-01
6.528323338025227593e-06
1.849736345905096834e-05
2.743857682555405075e-01
9.974655292127067030e-01
6.198088501851839460e-01
1.369037920093664918e-03
7.173606604232132984e-04
9.724357932884243258e-04
1.702223468730667266e-01
6.012866334703510507e-01
1.567978280782820425e-03
2.024319986825387774e-01
4.874155581285048028e-02
7.105536649338576316e-01
1.128860654036141987e-05
3.623619443670680722e-03
2.383530026137473936e-04
1.625881009403539468e-01
3.541415430610585224e-02
1.047802888934592017e-02
6.241654887038154964e-01
2.315274263953759348e-01
1.086308552789825438e-03
1.713110742862377078e-01
1.278690222618438996e-02
2.676094764513409219e-01
9.983468068242653537e-01
1.073613225609289928e-02
4.866131207176688234e-04
7.860663410382427996e-01
9.749957851900633576e-01
1.785638749046487795e-03
3.907282617169425686e-04
1.131478973673799432e-01
6.662888918365774543e-03
3.312213678198944536e-03
2.821609957511306832e-01
2.286672287710681331e-02
3.598302425604519433e-02
3.336344018751561530e-02
6.821751192255920415e-02
3.299435746293179483e-01
2.793370754970851411e-01
1.695624651230057307e-04
3.033768241955846472e-03
1.316047932497579084e-04
1.047744430260973414e-01
1.614615031524049560e-01
3.117354290838576097e-02
1.391986496664991413e-01
1.419003228195574728e-01
5.514387164240318329e-03
6.618929591975829252e-02
6.147496355713757410e-01
4.139508309431023415e-03
6.587472046458548412e-03
1.270317356987311352e-01
4.799962059995082631e-01
6.062083606689793250e-03
1.464189963273370559e-02
5.977834345635191921e-03
5.753793547327375885e-02
1.423075135367424292e-03
7.215587344515814183e-03
2.222909056775977926e-04
2.785369475536963318e-03
2.673016265886845808e-03
3.050658101926709276e-02
7.111316918997516445e-03
6.095711101304446787e-03
9.462528787803932140e-01
9.750612151294704155e-01
4.593474230000298142e-02
1.043915929666956735e-05
2.326664368878377659e-02
2.549302439409009344e-02
1.936113621208370491e-03
1.468583157830337729e-02
7.344028744862645119e-01
1.856378328125500837e-03
3.009329570251034203e-01
7.026229137312248532e-03
1.595067800741065966e-01
4.613361577280202766e-04
4.141204338409389119e-02
1.789117161193936462e-03
1.244355548732551872e-02
2.741837573195293754e-03
2.232013068955031494e-03
5.599630021851763209e-04
7.956226793171308764e-02
8.442553169343597341e-02
3.265811920021934323e-01
3.395621713673251801e-02
8.873919962807648790e-03
4.576268704960779511e-03
1.629429973090956163e-01
9.424962150156044327e-01
6.608813436612284709e-02
3.886558034546822721e-02
2.154041833710362234e-03
9.265514840927769127e-03
4.205458582907457832e-02
1.684805471216510933e-02
2.289964236326313789e-03
6.029223523627500738e-04
2.619920720562475200e-02
3.760038531004012189e-04
3.766857066029110496e-02
8.427400577249495595e-02
1.111700241032609207e-03
1.016499438300819957e-01
1.018817673417919262e-01
4.357737091462460417e-04
5.348750313158064790e-04
8.746442352318466174e-03
2.393198663873118692e-01
2.161472249887622446e-02
6.725140974988418063e-02
7.763646984670260175e-03
8.362442537377757839e-04
5.005578794470234502e-03
3.213923619690932723e-03
9.916191941300206598e-04
1.451241366551105950e-02
7.970120400563897034e-01
2.321166656636151557e-02
6.636559115838890771e-03
5.334556505705955187e-01
2.826662612031507690e-03
1.236502222908876254e-04
8.469799230058427941e-01
1.856078009263107953e-01
1.091003782874444689e-01
2.219873183222852986e-01
1.119047840643284280e-04
9.029816735992311771e-03
6.022290354745548496e-03
1.304149533051946960e-02
8.567299415635963866e-01
7.167297450883838557e-05
1.024344199655396158e-02
9.117800028617314978e-02
2.098645191318521813e-02
2.178955974196983335e-05
9.062782968102261680e-03
8.863446797956213343e-04
7.083421534914421946e-02
1.745862771029480995e-02
2.310145418037579390e-01
1.231790510160644669e-01
5.503472518337686470e-01
9.566397511239734808e-01
2.712666336623236960e-03
8.189016138496868491e-01
2.108342266278214611e-02
7.660317570413929453e-03
1.187312682058950597e-03
3.319673671077073124e-04
3.533765153216200661e-01
1.299468267459746103e-04
1.328086447616532162e-01
1.201316486511417175e-01
2.093711239705152785e-02
3.016997831744633318e-01
5.403427712030138830e-01
1.090232839451768521e-03
1.914931060743784164e-01
2.147563309722413960e-04
1.449134231771469055e-05
2.223151350119015410e-03
8.784465444032283146e-03
1.432868521986096350e-02
1.490640683232503667e-03
3.797679311755479126e-01
2.543587927420911266e-03
9.771582239623683996e-01
1.428668690161279814e-03
7.853597791508782483e-03
1.029472028263307519e-03
6.376831536723811568e-03
5.020200935136353605e-04
4.303241143117381706e-01
4.069429240267189449e-04
5.508336824612462476e-03
8.652962989081425249e-01
8.134647448814141075e-04
5.583839167706395809e-03
1.577860559873892343e-01
1.195216352623690997e-01
1.286888666391618544e-02
2.953402428520142904e-05
3.337234699471134129e-04
3.138341767115442049e-02
2.721262000362975608e-04
6.591002392291707250e-03
2.078131093209362960e-03
1.706666011511514527e-03
2.165978470356074229e-03
2.507085775189670743e-03
1.162175371750679385e-03
3.936569227898983002e-04
9.324098467326637218e-02
2.866912028507181964e-01
2.744040201262998345e-04
8.539961088905063669e-01
1.300839050052145784e-01
2.445319899905188527e-02
9.629644826881883848e-03
1.023219630635625009e-03
4.276323408050965447e-01
1.836438176301516748e-02
6.573712595680682516e-03
9.013556029201371615e-04
8.236663718196343131e-01
1.336001409280488661e-01
4.301761917977361266e-02
3.332280456160039393e-03
1.077607214070755308e-05
2.909861818830768165e-02
3.199198258959051570e-03
1.428353909667833726e-03
2.786276225412105938e-03
1.059912272654804915e-04
2.538295756601479658e-01
3.118280566232330304e-03
6.732104861943580820e-01
1.455333635338270371e-01
2.531511497901078322e-01
2.605669043419061442e-03
3.275976549919822067e-02
8.416539648614282942e-01
4.185630033691319779e-03
1.916837622154969265e-02
8.886708125566218364e-01
2.882799646566774551e-02
2.331344307118138380e-04
2.001484855232176785e-01
1.755576189953324956e-02
4.699484733568317502e-02
1.243456259072156095e-01
3.257472583748485806e-02
3.068459097285702332e-04
1.290393778718717252e-03
1.769130144957171136e-01
6.605982550974668355e-01
6.760072321252540151e-02
6.380712795308728785e-03
3.797528582321572921e-02
5.610342494559393371e-03
1.988122004783674478e-03
2.480990684072118257e-01
9.713822512482042093e-01
5.295114317577169060e-04
1.282717897870855090e-04
3.215447030155163706e-03
8.820325791905147747e-03
6.760103698112956278e-03
3.011547475463341168e-04
5.552719526125047406e-02
4.508722044350825797e-01
9.656224035248605064e-01
1.057818100901154485e-03
1.602388379951529829e-01
2.190975987064141368e-04
2.631595958518633330e-02
5.000623148682782626e-02
1.389823553101124654e-01
9.294455454034850073e-02
6.409596508284040040e-01
1.356261076200932815e-03
7.453043113235769193e-03
1.533909146318382030e-02
4.187271652844669623e-01
1.947022005481257613e-04
9.333091463638717653e-03
1.313242295551531302e-05
2.162231097705368237e-03
3.418399858981781021e-03
3.297691745152857117e-03
1.864563608754706220e-03
3.747688259961619028e-01
1.201064882103457144e-05
5.892923006917324957e-02
5.316247142465040272e-04
3.740861597490850038e-02
9.589531243849765130e-04
2.453934313750719687e-01
2.739706735282540495e-01
5.609476026938974291e-01
1.105781679630787970e-03
8.501399463109464705e-01
5.411357484802594708e-01
5.596022244669447421e-01
5.318952824388921766e-03
7.248129166632677478e-01
2.576323025706897269e-03
7.090312043643637319e-01
3.319114883366017926e-02
3.546968100846603373e-03
2.473704897426338369e-06
4.831459923236421095e-03
4.172893167210422333e-02
6.288729156061224554e-03
4.156305749230791435e-01
1.336230045576408676e-01
1.624784914709217348e-02
1.312422529061565112e-03
9.227141627899748677e-02
8.727270237931042396e-02
2.675188780178808790e-01
2.287117389255682864e-01
2.105527570903822920e-01
4.522189226948781782e-01
1.330810902304119421e-03
1.071203615942276305e-03
5.066199912529090015e-04
7.187565893434094688e-02
6.874327585118227280e-01
1.275118106084721370e-01
3.368688695164261393e-01
1.411056456972155093e-01
4.354489120798381513e-04
5.257660439810588927e-03
2.075361688221240633e-02
6.988003983252644158e-01
1.885545150397377467e-02
5.966295139273748438e-01
1.216488181140597258e-02
4.370702500190733891e-02
1.094857708464872827e-02
3.351537499004099141e-01
5.027465575907025946e-02
1.068123774082530564e-01
3.380094903431414277e-01
2.280914330241106368e-03
6.517998763561522191e-02
5.453350409074180817e-03
9.553276707969965181e-05
3.743436239784145823e-04
1.626275845513141432e-03
5.735199838320505315e-04
4.045523577532049442e-02
8.940220037274690390e-02
2.227986500878878246e-03
5.887409514523606058e-02
3.091656653930570202e-03
7.031680918093109744e-02
4.598123383866444674e-03
1.397029341398898228e-01
4.090950456863554248e-03
9.997145056549295861e-01
2.217583199662955841e-03
3.991523702552966942e-04
1.431263071752913183e-03
7.146521661760420197e-03
9.849575541250116251e-01
1.038241855108672966e-03
3.051116539663135119e-01
1.068814353721995458e-01
4.202181778287183422e-01
1.712701091238977014e-01
1.937553619281883466e-01
2.180718956158036181e-01
1.035254779584080520e-01
2.417735002038964159e-02
4.371868487237112744e-03
2.685796411751846524e-02
1.559773612482412974e-01
1.464372167326899177e-01
1.328821639881117489e-03
6.863811155141092725e-03
1.224590634292348733e-02
1.690820215369631766e-05
6.502304721654478779e-03
2.397562102060583900e-01
1.012321625685247417e-02
3.840668923442989383e-03
1.072348448990857461e-01
2.758297388009424700e-01
9.110393067867769701e-02
1.970835853108746372e-01
2.411059419522707436e-04
1.351920182844209561e-01
4.073003037690640926e-03
5.132942257022829469e-02
1.298809588375926180e-02
6.616589685163379309e-02
8.111821343027364462e-01
2.399954233705090586e-03
9.588628092503857087e-03
2.957266181215190484e-03
5.930870889015761316e-01
3.230923389476849446e-04
1.864889066957996656e-03
1.763545818843746116e-01
9.309031249859876659e-04
9.421907148115375996e-01
4.294406151550622108e-01
2.005197822947126784e-01
1.173307972212369113e-02
7.722295878208245389e-03
3.612407239405409504e-02
4.438049274518368614e-01
6.472721339809283541e-05
2.055845432877931658e-02
5.052789511214188928e-02
8.739766091060378883e-02
6.552449304019805978e-03
1.400408553106041558e-02
4.042348615522595723e-01
5.265717050814930911e-01
2.092387950811635533e-01
2.854998627938842848e-01
7.827922005208774454e-05
3.376336214146783386e-04
2.475565375389861961e-02
3.640608026095220606e-01
3.791510604855913291e-03
9.906482257296381211e-02
1.440093760840359177e-03
1.437431209869580563e-03
1.578901998362560247e-02
2.555408142491784051e-01
3.495208204994158883e-03
3.993042704092417128e-02
1.411371809191867312e-02
1.476801047752845583e-02
8.499501640705077552e-05
5.114287164452123724e-01
9.706528459371596392e-04
2.940336044006305882e-02
2.686335048500470418e-02
1.954180918295612690e-01
1.215149457002043659e-01
2.341896366492614012e-01
6.166628611522607245e-02
9.365093759904912114e-04
1.940836905499319365e-01
4.121794330935235617e-02
4.978140655243348117e-03
9.031208931452722178e-05
2.422926566655421166e-01
6.395674407038809406e-02
1.317007853486862334e-02
1.298326832189420710e-03
2.012269078003577950e-04
7.054779681587501905e-01
6.306748497864573611e-04
1.938143410298655593e-04
4.132989225132932261e-05
2.702736852048957805e-02
2.666394018721267578e-01
4.221175786168502447e-03
8.097634698877385073e-01
2.021840822493593814e-01
3.530790215352361261e-02
3.574488318963970485e-03
9.304143682871102161e-02
5.242435606891078514e-02
1.850694898758748208e-01
4.625163199108457690e-02
1.960232307629251186e-02
7.158025283823966634e-01
1.663913575771341358e-01
1.440446713231398920e-04
1.206653011056450916e-03
1.914569381435401573e-03
6.233029495838184270e-04
7.971353271550242481e-02
5.137756857656411415e-06
1.736081769567209649e-03
7.724193821746377919e-02
7.587926409781441117e-02
9.698141709035609237e-01
3.699109164349678302e-04
3.259182308205984396e-03
1.313332064429997099e-03
2.699512826064051670e-05
4.551168685531331581e-02
1.002348076096822721e-01
3.560054937396141934e-04
9.884689576788365795e-01
8.412204003028376977e-04
5.174088338860260029e-04
1.622851510162716740e-02
1.043133425667487485e-01
9.341189409885146400e-03
3.814605001212991175e-01
3.119788876871990579e-01
3.390467118946633579e-02
1.473782629100112151e-03
1.331214063186479755e-03
8.109758660686240640e-04
2.813663150749183828e-01
1.132128633258967440e-03
2.281181477873074973e-02
4.130380785514488340e-02
7.194705357111201849e-01
4.458091408232988107e-01
1.229674748229355602e-02
2.038193624325004838e-01
2.740181561991152787e-02
9.197091623164737814e-03
8.365586534045181500e-04
6.960296050170889726e-04
2.146915773532801289e-03
5.185012204540373482e-01
1.025998260370285242e-01
7.954651268340777459e-02
4.387424268639735642e-02
4.842997470390571907e-03
3.987178069798978930e-01
3.747398406055593104e-03
1.419347137111269530e-02
2.354439160383254692e-03
1.211638490427946940e-04
2.199305166576650747e-02
1.662959391148921534e-05
1.132860324151765616e-03
3.020869177213090367e-02
3.111122209484869922e-02
5.592063594705963536e-02
9.586454704132823775e-04
3.034407369709898037e-04
8.367158822151988390e-03
3.016646055093698611e-02
7.361274491746686577e-01
8.818025280007373359e-03
1.589296432969820524e-02
2.247941579849700527e-04
4.457183372100689649e-03
1.290162106320305883e-04
1.902639834248817836e-03
4.945450132577473151e-02
3.857766728722587107e-02
2.781425802141718195e-01
5.568530857540375800e-01
1.320960181621569493e-03
2.771888733203636389e-03
1.590994570634971517e-01
6.507745050707290646e-02
7.201762231387381051e-03
4.185887403507225794e-04
5.034768290792084868e-04
5.345176421159875298e-03
1.370157322560057976e-02
1.474325750850390311e-02
7.692587611113553547e-02
8.240278377215711769e-01
5.314550726515687717e-01
5.165036678114659496e-02
2.371460065090111660e-02
7.560457147738916528e-02
3.606692491687174637e-06
4.374816808365920018e-01
9.583329200223028588e-01
9.235015848502177160e-01
1.617607439196633579e-01
1.993585538747924774e-04
7.483025531685336303e-03
2.699190782576441419e-02
5.604342189743856048e-03
4.260350936640666382e-04
1.776253866765181710e-01
2.001150107899925257e-03
5.030682560448848650e-03
2.137931177817669129e-02
4.944260988610773774e-03
3.019431849414995830e-02
6.857490519715764938e-04
1.503420275390559557e-01
1.022158355516886163e-02
5.754584411731933358e-03
6.369811530458157067e-01
9.098352312145316922e-01
6.884708343129371244e-02
4.573596921174334813e-03
7.386475554083921091e-02
5.547257801594647394e-05
6.500363607789755305e-01
1.289902742836357852e-03
1.547671163068217726e-01
5.397786627250902303e-01
8.573960218275656908e-01
3.360080065038021507e-03
6.465419593788472863e-01
8.911119381093055014e-03
5.080816813031059078e-04
2.588148525842965536e-02
4.514295831324565376e-04
2.539909794598887993e-01
1.924495692121965627e-05
1.995990896777618910e-04
1.649470820454359068e-04
3.860392333585951105e-04
1.911273894840468659e-03
1.096573381661480051e-01
4.223120662009493403e-02
2.364729780128324022e-01
1.820800461550117766e-02
9.278841562883898275e-01
8.135097141442125535e-02
9.500420480063173547e-04
7.391382312069185974e-04
2.603236389767763503e-01
1.068038845320117773e-04
6.292702396665362727e-03
1.721227765754564662e-03
4.210169678032450648e-04
2.359408408708501270e-01
3.094222947853953192e-04
3.474630034360748909e-01
1.623545383755906346e-01
5.796720168399875639e-03
9.226005828749607365e-04
1.526783562271215866e-01
2.988878407995995135e-01
2.010629346961128813e-02
5.439532214862311671e-02
1.425489318757296869e-02
2.225832023879776266e-03
4.789814311645157474e-03
6.126513522673150084e-04
3.993090160193356331e-02
1.122654520023523255e-05
1.495761325365059340e-02
1.880541236047251683e-04
6.124226521812204532e-03
9.430395706047643989e-01
3.695252459757169400e-02
8.366240540449192825e-03
3.636376733064223231e-04
6.170755554739491312e-03
5.785066303367532303e-02
1.827058372551761470e-03
2.028449462988318047e-02
1.343374753044473957e-01
1.753411352765756677e-04
6.225657097255917621e-02
3.322306162446009292e-01
9.971991639271563512e-01
9.370635692062794231e-01
9.911967597450709322e-01
9.884865103051675428e-01
9.915966764447107229e-01
5.003322039689512835e-01
8.479097972159181928e-01
9.111166136298931573e-01
9.973565402066464358e-01
3.196547457365891964e-01
9.667931205437491071e-01
9.658693174181747221e-01
3.873576645788967543e-01
9.975996293203657217e-01
9.829955576914657378e-01
2.859242678994684539e-01
9.878650751337739733e-01
9.592980241105202310e-01
9.729006280707193088e-01
9.633772722428063373e-01
8.722115732241837449e-01
9.994328597311549212e-01
9.919453161862523682e-01
5.945176348429309643e-01
9.856936673472409538e-01
9.717569633723956990e-01
9.273424958762066517e-01
9.624623990987186684e-01
9.903647074438829412e-01
9.167630175550788296e-01
8.156415995829892074e-01
9.862957138832719739e-01
6.100905251307178201e-01
9.954648704084252397e-01
9.996502008372103454e-01
6.840831095409336537e-01
9.956062844820549040e-01
6.879591583831954349e-01
9.747005173782997689e-01
7.707989786094621154e-01
9.409128116901445127e-01
3.191163731786051394e-01
8.608942384603303077e-01
9.786131041196676206e-01
5.089017258786467934e-01
9.529869924323773889e-01
9.538801022246123917e-01
9.561608387310295276e-01
9.980952788076942195e-01
9.986317906256071408e-01
9.782170952864597258e-01
8.687068880373866042e-01
7.306142304715951274e-01
9.937652335221248689e-01
8.890644352414177609e-01
9.740720170216092821e-01
8.338923849727880588e-01
7.980437587663536947e-01
9.991579395121558127e-01
9.326613658148139585e-01
9.920447329107797696e-01
9.902920572830392620e-01
9.973056921683149945e-01
6.561622661728526706e-01
8.429788669314038918e-01
7.909394230039230589e-01
2.778029844179745189e-01
7.463081594098308624e-01
9.571423675082301186e-01
8.866774588710694127e-01
6.368344806717148865e-01
8.799727972397196618e-01
9.580973778204533442e-01
6.536583178557567875e-01
6.183754881320127073e-01
9.978836244041591197e-01
9.275516901679748960e-01
9.950160665606064825e-01
9.522159339971393299e-01
9.996126652898065235e-01
8.016515900094525193e-01
9.819158602039588235e-01
9.645781448150411164e-01
9.820296417799488919e-01
8.915935150467653170e-01
9.503504502767254891e-01
6.255626513014151957e-01
9.391624945212049269e-01
2.838035439071657784e-01
9.508532154061408725e-01
7.913405210031428938e-01
3.576374187517962211e-01
9.935976727631102845e-01
8.127475743297281063e-01
8.861777064835110185e-01
9.510438251376824859e-01
9.110979123132268986e-01
9.537898586586470717e-01
9.947109211126056172e-01
9.615546101891909725e-01
